[58, 2, 66, 71]
[94, 8, 78, 32, 63, 12, 40, 38, 63]
[20, 54, 57, 10, 27, 97, 2, 71, 73, 86, 2, 23, 43, 55, 68, 86, 9, 93, 83, 59]
[98, 86, 11, 92, 3, 91, 67, 38, 65, 75, 79, 64, 23, 64, 44, 48, 24, 30, 29, 10, 60, 54, 78]
[28, 98, 28, 73, 41, 66, 85, 39, 3]
[53, 66, 94, 39, 39, 86, 58]
[47, 24, 55, 30, 26, 48, 52, 30, 89, 9, 98, 89, 68, 89, 42, 19, 42, 62, 37, 86, 40]
[3, 6, 48, 56, 42]
[21, 97, 35, 79, 81, 55, 13, 79, 19, 55, 64, 63, 66, 79]
[89, 68, 68, 47, 82, 83, 31, 40, 83, 91, 99, 98, 73, 80]
[62, 73, 9, 67, 52, 43, 11, 20, 23, 55, 67, 74, 65, 4, 58, 32, 52, 17, 86, 71, 28]
[49, 69, 42, 30, 68, 94, 58, 42, 22, 99, 32, 84, 37, 92, 62, 16, 31]
[18]
[88, 86, 92, 64, 32, 57, 98, 93, 62, 32, 83, 17, 94, 3, 83, 8, 77, 4, 55, 26, 47, 29, 76]
[99, 11, 83, 77, 72, 85, 30, 84, 21, 55, 19, 70, 55, 12, 70, 75, 42]
[10, 41, 52, 50, 16, 95, 59, 61, 88, 5, 88]
[71, 71, 53, 86]
[56, 94, 44, 3, 21, 91, 18, 96, 89, 89, 70, 21, 62, 95]
[36, 16, 27, 77, 25, 52, 38, 27, 71, 92]
[97, 48, 28, 9, 73, 1, 84, 98, 5, 4, 70]
[51, 42, 72, 64, 22, 66, 90, 15, 33, 24, 17, 95, 12, 56, 36, 91, 32, 19, 43, 95, 9]
[41, 81, 8, 9, 89, 4, 46, 13, 66, 51, 97, 58, 11, 16, 54, 50, 78]
[39, 66, 45, 24, 37, 82, 33, 53, 51, 22, 21, 32, 46, 12, 5]
[16, 35, 78, 54, 12, 14, 67, 48, 44, 12, 6, 57, 90, 90, 57, 36, 95, 98, 5]
[12, 16, 31, 30, 49, 18, 44, 90, 89]
[97, 38]
[22, 50, 73, 95, 1, 13, 95, 27, 44, 69]
[92, 3, 44, 61, 67, 60, 28, 26, 14, 16, 39, 78, 81, 63, 14, 92, 21, 21, 37, 59]
[61, 81, 12]
[28, 75, 27, 6, 91]
[99, 44, 32, 60, 4, 31, 67, 2, 54, 43]
[46, 35]
[40, 88, 17, 99, 63, 17, 16, 78, 67, 67, 9, 81, 34, 60, 84, 52, 3, 22, 59, 48, 29, 52, 9]
[63, 28, 90, 18, 32, 49]
[11, 78, 66, 23, 31, 98, 6, 71, 80, 97, 75, 57, 82, 70, 31, 98, 69, 62]
[36, 29, 38, 59, 34, 98, 26, 56, 65, 75, 76, 24, 46, 85, 3, 53, 7, 24, 5, 69, 86, 80]
[30, 17, 29, 78, 97, 8, 24, 58, 8, 90]
[13, 35, 8, 72, 49, 58, 22, 56, 95, 82, 31, 28, 97, 48, 83, 81, 37, 29, 70, 27, 31, 60]
[33, 40, 43, 51, 6, 47, 21, 83, 70, 50, 60, 71, 72, 26, 12]
[54]
[79, 67, 69, 60, 38, 16, 71, 76, 62]
[49, 52, 41, 9, 60, 75, 28, 21, 48, 30, 36, 55, 56, 49]
[18, 32, 89, 47, 64, 12, 58, 49, 67, 34, 35, 38, 4, 85, 3, 99, 90, 54, 65, 21, 60, 77, 17]
[98, 56, 9, 63, 60, 62, 3, 38, 45, 86, 68, 37, 60, 39, 59]
[95, 28, 83, 9, 97, 85, 60, 86, 6, 70, 34]
[2, 24, 83, 8, 82, 43, 51, 45]
[45, 80, 78, 72, 27, 77, 80, 5, 31, 6, 51, 32, 37, 26, 56, 4, 45, 39, 77]
[11, 23, 38, 99, 34, 95, 61, 43, 29, 28, 13, 24, 70, 89, 69, 54, 9]
[4, 30, 3, 66, 61, 71, 87, 87, 62, 40, 74, 16, 98, 68, 90]
[54, 87, 7, 39, 56, 30, 47, 13, 23, 97, 39, 25, 89, 27, 70, 96, 47, 54, 2, 45, 92, 94, 21, 66]
[69, 54, 21, 1, 73, 72, 70, 41, 39, 44, 56, 90, 19, 67, 56, 74, 73, 25, 80, 83]
[29, 11, 50, 29, 15, 66, 48, 9, 47, 46, 99, 18, 25, 11, 4, 16]
[45, 26, 30, 22, 27, 51, 41, 67, 21]
[43, 6, 67, 26, 24, 48, 94, 44, 37, 68, 85, 47, 86, 93, 30, 32, 88, 72, 74, 23, 13]
[57, 90, 7, 43, 20, 23, 5, 83, 73, 34, 20, 47, 4, 2, 76, 22, 7, 72, 21]
[47, 70, 71, 39, 90, 63, 71, 76, 67, 88, 91, 70, 71, 12]
[6, 23, 73, 75, 16]
[76, 20, 86, 53, 24, 22, 32, 40, 45, 19]
[83, 16, 99, 23, 36, 5, 55, 20, 30, 86, 36, 44, 30, 16, 36, 75, 9, 82, 87, 15, 6, 3]
[3, 43, 92, 84, 26, 76, 84, 88, 7, 35, 98, 73, 57, 11, 59, 81, 17, 52, 17]
[99, 39, 57, 17, 79, 18, 54, 91, 48, 15, 57, 55, 33, 38, 71, 97, 67, 72]
[2, 15, 88, 38, 52, 84, 27, 13, 42, 58, 3, 48, 3, 64, 76, 78, 66, 78]
[12, 20, 29, 48, 74, 68, 7, 48, 44, 90, 80, 56, 82, 27]
[46, 40, 62, 22, 92, 7, 5, 92, 71, 29, 13, 95, 32, 48]
[4, 53, 86, 86, 57, 97, 31, 17, 38, 30, 47, 55, 95, 38, 35]
[15, 60, 76, 77, 25, 83, 82, 51, 17, 41, 68, 65, 36, 44, 67, 52, 96, 17, 81, 86, 41, 45, 1]
[40, 57, 42, 68, 69, 59, 43, 15, 61, 20, 41, 54, 72, 32, 94, 86]
[6, 9, 48, 74, 78, 28, 27, 6, 13, 99, 53, 75, 21]
[85, 84, 33, 81, 20, 19, 14]
[21, 70, 10, 25, 92, 58, 6, 11, 16, 2, 22, 90, 36, 26, 14, 9, 27, 91, 73]
[84, 95, 66, 68, 33, 25, 36, 99, 78, 93, 49, 43, 69, 77, 23]
[4, 37, 95, 35, 37, 1, 45, 76, 9, 67, 63, 96, 58]
[52, 13, 77, 29, 91, 93, 16, 58, 91, 83, 42, 69, 61, 34, 14, 87]
[40, 80, 50, 70, 67, 97, 12, 33]
[51, 1, 14, 32, 37, 61, 7, 94, 45, 76]
[10, 11, 20, 35, 35, 5, 26, 47, 3, 95, 72, 67, 57, 86, 82, 51, 3, 60, 23, 73, 34, 44, 68, 10]
[77, 91, 32, 24, 67, 28, 82, 57, 25, 17, 7, 12, 54, 25]
[5, 65, 16, 25, 87, 30, 45, 47, 34, 92, 66, 81, 88, 32, 70, 54, 13, 39]
[21, 15, 46, 32, 64, 91, 31, 92, 24, 91, 52, 27, 93, 25, 18, 21, 19, 50, 27, 64, 64]
[63, 87, 51, 4, 10, 95, 72, 79, 61, 76]
[35, 48, 12, 78, 28, 81, 84, 86, 87, 69, 95]
[29, 5, 95, 68, 93, 67, 46, 10, 73, 15, 73, 19, 41, 83]
[49, 54, 45, 35, 53, 33, 63, 54, 67, 58, 14, 8, 10, 9, 17, 35]
[46, 96, 88, 21, 7, 90, 65, 68, 48]
[4, 95, 87, 59, 62, 32, 94, 29, 95, 34, 38, 82, 39, 81, 90, 7, 65, 83, 59]
[97, 13]
[59, 96, 36, 62, 39, 45, 45, 34, 90, 96, 62, 64, 82, 34, 9]
[56, 16, 54, 17, 42, 89, 27, 66, 35, 89]
[41, 15, 30, 86, 36, 62, 59, 88, 82, 89, 55, 17, 93, 37, 64, 46, 18, 36, 63, 35, 68, 76, 18, 70]
[77, 50]
[14, 89, 43, 10, 64, 37, 18, 2, 67, 65, 73, 71, 71, 82, 83, 79, 81, 77, 76, 3, 58, 51]
[11, 73, 29]
[76, 79, 33, 2, 95, 25, 83]
[86, 97, 75, 92, 3, 60, 20, 37, 97, 99, 49, 44, 72, 11, 25, 58, 11]
[57, 39, 97, 97, 51, 24, 66, 62, 67, 38, 55, 20, 30, 18, 66, 83, 41, 17, 49, 30, 65, 99, 76]
[39, 15, 57, 70, 22, 93, 55, 37, 97, 82, 52, 98, 33, 62, 27, 37, 51, 83, 47, 85, 51, 14, 48]
[60, 74, 40, 34, 38, 74, 61, 44, 78, 42, 32, 26, 91, 41, 86, 58, 30, 49, 31, 9, 4, 61, 55, 83]
[72, 59, 13, 63, 50, 13, 10, 22, 34, 65, 30, 10]
[83, 16, 85, 9, 1, 25, 12, 81, 15, 32, 84, 84, 55, 35]
[24]